BenchmarkName,NES_VERSION,SchemaSize,timestamp,processedTasks,processedBuffers,processedTuples,latencySum,queueSizeSum,availGlobalBufferSum,availFixedBufferSum,tuplesPerSecond,tasksPerSecond,bufferPerSecond,mebiBPerSecond,numberOfWorkerOfThreads,numberOfDeployedQueries,numberOfSources,bufferSizeInBytes,inputType,dataProviderMode,queryString
Baseline,0.5.187-SNAPSHOT,78,1691762002,2159,2159,112268,0,0,768,125,113412,2181,2181,8.43633,1,1,input1: 1,4096,MemoryMode,MemCopy,"Query::from(""input1"") .filter(Attribute(""user_id"") > 25) .map(Attribute(""current_ms"") = Attribute(""current_ms"") - 10) .filter(Attribute(""user_id"") > 45) .map(Attribute(""user_id"") = Attribute(""user_id"") * 2) .filter(Attribute(""current_ms"") < 55) .sink(NullOutputSinkDescriptor::create());"
Baseline,0.5.187-SNAPSHOT,78,1691762003,4340,4340,225680,0,0,768,125,116844,2247,2247,8.69163,1,1,input1: 1,4096,MemoryMode,MemCopy,"Query::from(""input1"") .filter(Attribute(""user_id"") > 25) .map(Attribute(""current_ms"") = Attribute(""current_ms"") - 10) .filter(Attribute(""user_id"") > 45) .map(Attribute(""user_id"") = Attribute(""user_id"") * 2) .filter(Attribute(""current_ms"") < 55) .sink(NullOutputSinkDescriptor::create());"
Baseline,0.5.187-SNAPSHOT,78,1691762004,6587,6587,342524,0,0,768,125,112268,2159,2159,8.35123,1,1,input1: 1,4096,MemoryMode,MemCopy,"Query::from(""input1"") .filter(Attribute(""user_id"") > 25) .map(Attribute(""current_ms"") = Attribute(""current_ms"") - 10) .filter(Attribute(""user_id"") > 45) .map(Attribute(""user_id"") = Attribute(""user_id"") * 2) .filter(Attribute(""current_ms"") < 55) .sink(NullOutputSinkDescriptor::create());"
Baseline,0.5.187-SNAPSHOT,78,1691762005,8746,8746,454792,0,0,768,125,117728,2264,2264,8.75739,1,1,input1: 1,4096,MemoryMode,MemCopy,"Query::from(""input1"") .filter(Attribute(""user_id"") > 25) .map(Attribute(""current_ms"") = Attribute(""current_ms"") - 10) .filter(Attribute(""user_id"") > 45) .map(Attribute(""user_id"") = Attribute(""user_id"") * 2) .filter(Attribute(""current_ms"") < 55) .sink(NullOutputSinkDescriptor::create());"
Baseline,0.5.187-SNAPSHOT,78,1691762006,11010,11010,572520,0,0,768,125,113880,2190,2190,8.47115,1,1,input1: 1,4096,MemoryMode,MemCopy,"Query::from(""input1"") .filter(Attribute(""user_id"") > 25) .map(Attribute(""current_ms"") = Attribute(""current_ms"") - 10) .filter(Attribute(""user_id"") > 45) .map(Attribute(""user_id"") = Attribute(""user_id"") * 2) .filter(Attribute(""current_ms"") < 55) .sink(NullOutputSinkDescriptor::create());"
Baseline,0.5.187-SNAPSHOT,78,1691762007,13200,13200,686400,0,0,768,125,109720,2110,2110,8.1617,1,1,input1: 1,4096,MemoryMode,MemCopy,"Query::from(""input1"") .filter(Attribute(""user_id"") > 25) .map(Attribute(""current_ms"") = Attribute(""current_ms"") - 10) .filter(Attribute(""user_id"") > 45) .map(Attribute(""user_id"") = Attribute(""user_id"") * 2) .filter(Attribute(""current_ms"") < 55) .sink(NullOutputSinkDescriptor::create());"
Baseline,0.5.187-SNAPSHOT,78,1691762008,15310,15310,796120,0,0,768,125,111384,2142,2142,8.28548,1,1,input1: 1,4096,MemoryMode,MemCopy,"Query::from(""input1"") .filter(Attribute(""user_id"") > 25) .map(Attribute(""current_ms"") = Attribute(""current_ms"") - 10) .filter(Attribute(""user_id"") > 45) .map(Attribute(""user_id"") = Attribute(""user_id"") * 2) .filter(Attribute(""current_ms"") < 55) .sink(NullOutputSinkDescriptor::create());"
Baseline,0.5.187-SNAPSHOT,78,1691762009,17452,17452,907504,0,0,768,125,112372,2161,2161,8.35897,1,1,input1: 1,4096,MemoryMode,MemCopy,"Query::from(""input1"") .filter(Attribute(""user_id"") > 25) .map(Attribute(""current_ms"") = Attribute(""current_ms"") - 10) .filter(Attribute(""user_id"") > 45) .map(Attribute(""user_id"") = Attribute(""user_id"") * 2) .filter(Attribute(""current_ms"") < 55) .sink(NullOutputSinkDescriptor::create());"
Baseline,0.5.187-SNAPSHOT,78,1691762010,19613,19613,1019876,0,0,768,125,116688,2244,2244,8.68002,1,1,input1: 1,4096,MemoryMode,MemCopy,"Query::from(""input1"") .filter(Attribute(""user_id"") > 25) .map(Attribute(""current_ms"") = Attribute(""current_ms"") - 10) .filter(Attribute(""user_id"") > 45) .map(Attribute(""user_id"") = Attribute(""user_id"") * 2) .filter(Attribute(""current_ms"") < 55) .sink(NullOutputSinkDescriptor::create());"
Baseline,0.5.187-SNAPSHOT,78,1691762011,21857,21857,1136564,0,0,768,125,116480,2240,2240,8.66455,1,1,input1: 1,4096,MemoryMode,MemCopy,"Query::from(""input1"") .filter(Attribute(""user_id"") > 25) .map(Attribute(""current_ms"") = Attribute(""current_ms"") - 10) .filter(Attribute(""user_id"") > 45) .map(Attribute(""user_id"") = Attribute(""user_id"") * 2) .filter(Attribute(""current_ms"") < 55) .sink(NullOutputSinkDescriptor::create());"
,,,,,,,,,,,114078,,,,,,,,,,
BenchmarkName,NES_VERSION,SchemaSize,timestamp,processedTasks,processedBuffers,processedTuples,latencySum,queueSizeSum,availGlobalBufferSum,availFixedBufferSum,tuplesPerSecond,tasksPerSecond,bufferPerSecond,mebiBPerSecond,numberOfWorkerOfThreads,numberOfDeployedQueries,numberOfSources,bufferSizeInBytes,inputType,dataProviderMode,queryString
FilterPushDown,0.5.187-SNAPSHOT,78,1691762130,2522,2522,131144,0,0,768,126,131612,2531,2531,9.79017,1,1,input1: 1,4096,MemoryMode,MemCopy,"Query::from(""input1"") .filter(Attribute(""user_id"") > 25) .map(Attribute(""current_ms"") = Attribute(""current_ms"") - 10) .filter(Attribute(""user_id"") > 45) .map(Attribute(""user_id"") = Attribute(""user_id"") * 2) .filter(Attribute(""current_ms"") < 55) .sink(NullOutputSinkDescriptor::create());"
FilterPushDown,0.5.187-SNAPSHOT,78,1691762131,5053,5053,262756,0,0,768,126,131560,2530,2530,9.7863,1,1,input1: 1,4096,MemoryMode,MemCopy,"Query::from(""input1"") .filter(Attribute(""user_id"") > 25) .map(Attribute(""current_ms"") = Attribute(""current_ms"") - 10) .filter(Attribute(""user_id"") > 45) .map(Attribute(""user_id"") = Attribute(""user_id"") * 2) .filter(Attribute(""current_ms"") < 55) .sink(NullOutputSinkDescriptor::create());"
FilterPushDown,0.5.187-SNAPSHOT,78,1691762132,7583,7583,394316,0,0,768,125,131664,2532,2532,9.79404,1,1,input1: 1,4096,MemoryMode,MemCopy,"Query::from(""input1"") .filter(Attribute(""user_id"") > 25) .map(Attribute(""current_ms"") = Attribute(""current_ms"") - 10) .filter(Attribute(""user_id"") > 45) .map(Attribute(""user_id"") = Attribute(""user_id"") * 2) .filter(Attribute(""current_ms"") < 55) .sink(NullOutputSinkDescriptor::create());"
FilterPushDown,0.5.187-SNAPSHOT,78,1691762133,10115,10115,525980,0,0,768,125,126568,2434,2434,9.41496,1,1,input1: 1,4096,MemoryMode,MemCopy,"Query::from(""input1"") .filter(Attribute(""user_id"") > 25) .map(Attribute(""current_ms"") = Attribute(""current_ms"") - 10) .filter(Attribute(""user_id"") > 45) .map(Attribute(""user_id"") = Attribute(""user_id"") * 2) .filter(Attribute(""current_ms"") < 55) .sink(NullOutputSinkDescriptor::create());"
FilterPushDown,0.5.187-SNAPSHOT,78,1691762134,12549,12549,652548,0,0,768,125,122616,2358,2358,9.12099,1,1,input1: 1,4096,MemoryMode,MemCopy,"Query::from(""input1"") .filter(Attribute(""user_id"") > 25) .map(Attribute(""current_ms"") = Attribute(""current_ms"") - 10) .filter(Attribute(""user_id"") > 45) .map(Attribute(""user_id"") = Attribute(""user_id"") * 2) .filter(Attribute(""current_ms"") < 55) .sink(NullOutputSinkDescriptor::create());"
FilterPushDown,0.5.187-SNAPSHOT,78,1691762135,14907,14907,775164,0,0,768,125,118300,2275,2275,8.79993,1,1,input1: 1,4096,MemoryMode,MemCopy,"Query::from(""input1"") .filter(Attribute(""user_id"") > 25) .map(Attribute(""current_ms"") = Attribute(""current_ms"") - 10) .filter(Attribute(""user_id"") > 45) .map(Attribute(""user_id"") = Attribute(""user_id"") * 2) .filter(Attribute(""current_ms"") < 55) .sink(NullOutputSinkDescriptor::create());"
FilterPushDown,0.5.187-SNAPSHOT,78,1691762136,17182,17182,893464,0,0,768,125,113620,2185,2185,8.45181,1,1,input1: 1,4096,MemoryMode,MemCopy,"Query::from(""input1"") .filter(Attribute(""user_id"") > 25) .map(Attribute(""current_ms"") = Attribute(""current_ms"") - 10) .filter(Attribute(""user_id"") > 45) .map(Attribute(""user_id"") = Attribute(""user_id"") * 2) .filter(Attribute(""current_ms"") < 55) .sink(NullOutputSinkDescriptor::create());"
FilterPushDown,0.5.187-SNAPSHOT,78,1691762137,19367,19367,1007084,0,0,768,125,117676,2263,2263,8.75352,1,1,input1: 1,4096,MemoryMode,MemCopy,"Query::from(""input1"") .filter(Attribute(""user_id"") > 25) .map(Attribute(""current_ms"") = Attribute(""current_ms"") - 10) .filter(Attribute(""user_id"") > 45) .map(Attribute(""user_id"") = Attribute(""user_id"") * 2) .filter(Attribute(""current_ms"") < 55) .sink(NullOutputSinkDescriptor::create());"
FilterPushDown,0.5.187-SNAPSHOT,78,1691762138,21630,21630,1124760,0,0,768,125,116324,2237,2237,8.65295,1,1,input1: 1,4096,MemoryMode,MemCopy,"Query::from(""input1"") .filter(Attribute(""user_id"") > 25) .map(Attribute(""current_ms"") = Attribute(""current_ms"") - 10) .filter(Attribute(""user_id"") > 45) .map(Attribute(""user_id"") = Attribute(""user_id"") * 2) .filter(Attribute(""current_ms"") < 55) .sink(NullOutputSinkDescriptor::create());"
FilterPushDown,0.5.187-SNAPSHOT,78,1691762139,23867,23867,1241084,0,0,768,125,121784,2342,2342,9.0591,1,1,input1: 1,4096,MemoryMode,MemCopy,"Query::from(""input1"") .filter(Attribute(""user_id"") > 25) .map(Attribute(""current_ms"") = Attribute(""current_ms"") - 10) .filter(Attribute(""user_id"") > 45) .map(Attribute(""user_id"") = Attribute(""user_id"") * 2) .filter(Attribute(""current_ms"") < 55) .sink(NullOutputSinkDescriptor::create());"
,,,,,,,,,,,123172,,,,,,,,,,
BenchmarkName,NES_VERSION,SchemaSize,timestamp,processedTasks,processedBuffers,processedTuples,latencySum,queueSizeSum,availGlobalBufferSum,availFixedBufferSum,tuplesPerSecond,tasksPerSecond,bufferPerSecond,mebiBPerSecond,numberOfWorkerOfThreads,numberOfDeployedQueries,numberOfSources,bufferSizeInBytes,inputType,dataProviderMode,queryString
PredicateReordering,0.5.187-SNAPSHOT,78,1691762241,2174,2174,113048,0,0,768,126,125008,2404,2404,9.29892,1,1,input1: 1,4096,MemoryMode,MemCopy,"Query::from(""input1"") .filter(Attribute(""user_id"") > 25) .map(Attribute(""current_ms"") = Attribute(""current_ms"") - 10) .filter(Attribute(""user_id"") > 45) .map(Attribute(""user_id"") = Attribute(""user_id"") * 2) .filter(Attribute(""current_ms"") < 55) .sink(NullOutputSinkDescriptor::create());"
PredicateReordering,0.5.187-SNAPSHOT,78,1691762242,4578,4578,238056,0,0,768,126,109668,2109,2109,8.15783,1,1,input1: 1,4096,MemoryMode,MemCopy,"Query::from(""input1"") .filter(Attribute(""user_id"") > 25) .map(Attribute(""current_ms"") = Attribute(""current_ms"") - 10) .filter(Attribute(""user_id"") > 45) .map(Attribute(""user_id"") = Attribute(""user_id"") * 2) .filter(Attribute(""current_ms"") < 55) .sink(NullOutputSinkDescriptor::create());"
PredicateReordering,0.5.187-SNAPSHOT,78,1691762243,6687,6687,347724,0,0,768,125,107900,2075,2075,8.02631,1,1,input1: 1,4096,MemoryMode,MemCopy,"Query::from(""input1"") .filter(Attribute(""user_id"") > 25) .map(Attribute(""current_ms"") = Attribute(""current_ms"") - 10) .filter(Attribute(""user_id"") > 45) .map(Attribute(""user_id"") = Attribute(""user_id"") * 2) .filter(Attribute(""current_ms"") < 55) .sink(NullOutputSinkDescriptor::create());"
PredicateReordering,0.5.187-SNAPSHOT,78,1691762244,8762,8762,455624,0,0,768,125,108472,2086,2086,8.06886,1,1,input1: 1,4096,MemoryMode,MemCopy,"Query::from(""input1"") .filter(Attribute(""user_id"") > 25) .map(Attribute(""current_ms"") = Attribute(""current_ms"") - 10) .filter(Attribute(""user_id"") > 45) .map(Attribute(""user_id"") = Attribute(""user_id"") * 2) .filter(Attribute(""current_ms"") < 55) .sink(NullOutputSinkDescriptor::create());"
PredicateReordering,0.5.187-SNAPSHOT,78,1691762245,10848,10848,564096,0,0,768,125,109928,2114,2114,8.17717,1,1,input1: 1,4096,MemoryMode,MemCopy,"Query::from(""input1"") .filter(Attribute(""user_id"") > 25) .map(Attribute(""current_ms"") = Attribute(""current_ms"") - 10) .filter(Attribute(""user_id"") > 45) .map(Attribute(""user_id"") = Attribute(""user_id"") * 2) .filter(Attribute(""current_ms"") < 55) .sink(NullOutputSinkDescriptor::create());"
PredicateReordering,0.5.187-SNAPSHOT,78,1691762246,12962,12962,674024,0,0,768,125,110552,2126,2126,8.22359,1,1,input1: 1,4096,MemoryMode,MemCopy,"Query::from(""input1"") .filter(Attribute(""user_id"") > 25) .map(Attribute(""current_ms"") = Attribute(""current_ms"") - 10) .filter(Attribute(""user_id"") > 45) .map(Attribute(""user_id"") = Attribute(""user_id"") * 2) .filter(Attribute(""current_ms"") < 55) .sink(NullOutputSinkDescriptor::create());"
PredicateReordering,0.5.187-SNAPSHOT,78,1691762247,15088,15088,784576,0,0,768,125,115804,2227,2227,8.61427,1,1,input1: 1,4096,MemoryMode,MemCopy,"Query::from(""input1"") .filter(Attribute(""user_id"") > 25) .map(Attribute(""current_ms"") = Attribute(""current_ms"") - 10) .filter(Attribute(""user_id"") > 45) .map(Attribute(""user_id"") = Attribute(""user_id"") * 2) .filter(Attribute(""current_ms"") < 55) .sink(NullOutputSinkDescriptor::create());"
PredicateReordering,0.5.187-SNAPSHOT,78,1691762248,17315,17315,900380,0,0,768,125,116844,2247,2247,8.69163,1,1,input1: 1,4096,MemoryMode,MemCopy,"Query::from(""input1"") .filter(Attribute(""user_id"") > 25) .map(Attribute(""current_ms"") = Attribute(""current_ms"") - 10) .filter(Attribute(""user_id"") > 45) .map(Attribute(""user_id"") = Attribute(""user_id"") * 2) .filter(Attribute(""current_ms"") < 55) .sink(NullOutputSinkDescriptor::create());"
PredicateReordering,0.5.187-SNAPSHOT,78,1691762249,19562,19562,1017224,0,0,768,125,108940,2095,2095,8.10368,1,1,input1: 1,4096,MemoryMode,MemCopy,"Query::from(""input1"") .filter(Attribute(""user_id"") > 25) .map(Attribute(""current_ms"") = Attribute(""current_ms"") - 10) .filter(Attribute(""user_id"") > 45) .map(Attribute(""user_id"") = Attribute(""user_id"") * 2) .filter(Attribute(""current_ms"") < 55) .sink(NullOutputSinkDescriptor::create());"
PredicateReordering,0.5.187-SNAPSHOT,78,1691762250,21657,21657,1126164,0,0,768,125,96772,1861,1861,7.19854,1,1,input1: 1,4096,MemoryMode,MemCopy,"Query::from(""input1"") .filter(Attribute(""user_id"") > 25) .map(Attribute(""current_ms"") = Attribute(""current_ms"") - 10) .filter(Attribute(""user_id"") > 45) .map(Attribute(""user_id"") = Attribute(""user_id"") * 2) .filter(Attribute(""current_ms"") < 55) .sink(NullOutputSinkDescriptor::create());"
,,,,,,,,,,,110989,,,,,,,,,,
BenchmarkName,NES_VERSION,SchemaSize,timestamp,processedTasks,processedBuffers,processedTuples,latencySum,queueSizeSum,availGlobalBufferSum,availFixedBufferSum,tuplesPerSecond,tasksPerSecond,bufferPerSecond,mebiBPerSecond,numberOfWorkerOfThreads,numberOfDeployedQueries,numberOfSources,bufferSizeInBytes,inputType,dataProviderMode,queryString
All,0.5.187-SNAPSHOT,78,1691762481,1777,1777,92404,0,0,768,125,95212,1831,1831,7.0825,1,1,input1: 1,4096,MemoryMode,MemCopy,"Query::from(""input1"") .filter(Attribute(""user_id"") > 25) .map(Attribute(""current_ms"") = Attribute(""current_ms"") - 10) .filter(Attribute(""user_id"") > 45) .map(Attribute(""user_id"") = Attribute(""user_id"") * 2) .filter(Attribute(""current_ms"") < 55) .sink(NullOutputSinkDescriptor::create());"
All,0.5.187-SNAPSHOT,78,1691762482,3608,3608,187616,0,0,768,125,99528,1914,1914,7.40355,1,1,input1: 1,4096,MemoryMode,MemCopy,"Query::from(""input1"") .filter(Attribute(""user_id"") > 25) .map(Attribute(""current_ms"") = Attribute(""current_ms"") - 10) .filter(Attribute(""user_id"") > 45) .map(Attribute(""user_id"") = Attribute(""user_id"") * 2) .filter(Attribute(""current_ms"") < 55) .sink(NullOutputSinkDescriptor::create());"
All,0.5.187-SNAPSHOT,78,1691762483,5522,5522,287144,0,0,768,125,97188,1869,1869,7.22948,1,1,input1: 1,4096,MemoryMode,MemCopy,"Query::from(""input1"") .filter(Attribute(""user_id"") > 25) .map(Attribute(""current_ms"") = Attribute(""current_ms"") - 10) .filter(Attribute(""user_id"") > 45) .map(Attribute(""user_id"") = Attribute(""user_id"") * 2) .filter(Attribute(""current_ms"") < 55) .sink(NullOutputSinkDescriptor::create());"
All,0.5.187-SNAPSHOT,78,1691762484,7391,7391,384332,0,0,768,125,98280,1890,1890,7.31071,1,1,input1: 1,4096,MemoryMode,MemCopy,"Query::from(""input1"") .filter(Attribute(""user_id"") > 25) .map(Attribute(""current_ms"") = Attribute(""current_ms"") - 10) .filter(Attribute(""user_id"") > 45) .map(Attribute(""user_id"") = Attribute(""user_id"") * 2) .filter(Attribute(""current_ms"") < 55) .sink(NullOutputSinkDescriptor::create());"
All,0.5.187-SNAPSHOT,78,1691762485,9281,9281,482612,0,0,768,125,93860,1805,1805,6.98193,1,1,input1: 1,4096,MemoryMode,MemCopy,"Query::from(""input1"") .filter(Attribute(""user_id"") > 25) .map(Attribute(""current_ms"") = Attribute(""current_ms"") - 10) .filter(Attribute(""user_id"") > 45) .map(Attribute(""user_id"") = Attribute(""user_id"") * 2) .filter(Attribute(""current_ms"") < 55) .sink(NullOutputSinkDescriptor::create());"
All,0.5.187-SNAPSHOT,78,1691762486,11086,11086,576472,0,0,768,125,99180,1715,1715,6.6338,1,1,input1: 1,4096,MemoryMode,MemCopy,"Query::from(""input1"") .filter(Attribute(""user_id"") > 25) .map(Attribute(""current_ms"") = Attribute(""current_ms"") - 10) .filter(Attribute(""user_id"") > 45) .map(Attribute(""user_id"") = Attribute(""user_id"") * 2) .filter(Attribute(""current_ms"") < 55) .sink(NullOutputSinkDescriptor::create());"
All,0.5.187-SNAPSHOT,78,1691762487,12801,12801,665652,0,0,768,125,104000,2000,2000,7.73621,1,1,input1: 1,4096,MemoryMode,MemCopy,"Query::from(""input1"") .filter(Attribute(""user_id"") > 25) .map(Attribute(""current_ms"") = Attribute(""current_ms"") - 10) .filter(Attribute(""user_id"") > 45) .map(Attribute(""user_id"") = Attribute(""user_id"") * 2) .filter(Attribute(""current_ms"") < 55) .sink(NullOutputSinkDescriptor::create());"
All,0.5.187-SNAPSHOT,78,1691762488,14801,14801,769652,0,0,768,125,100828,1939,1939,7.50025,1,1,input1: 1,4096,MemoryMode,MemCopy,"Query::from(""input1"") .filter(Attribute(""user_id"") > 25) .map(Attribute(""current_ms"") = Attribute(""current_ms"") - 10) .filter(Attribute(""user_id"") > 45) .map(Attribute(""user_id"") = Attribute(""user_id"") * 2) .filter(Attribute(""current_ms"") < 55) .sink(NullOutputSinkDescriptor::create());"
All,0.5.187-SNAPSHOT,78,1691762489,16740,16740,870480,0,0,768,125,92472,1586,1586,6.13481,1,1,input1: 1,4096,MemoryMode,MemCopy,"Query::from(""input1"") .filter(Attribute(""user_id"") > 25) .map(Attribute(""current_ms"") = Attribute(""current_ms"") - 10) .filter(Attribute(""user_id"") > 45) .map(Attribute(""user_id"") = Attribute(""user_id"") * 2) .filter(Attribute(""current_ms"") < 55) .sink(NullOutputSinkDescriptor::create());"
All,0.5.187-SNAPSHOT,78,1691762490,18326,18326,952952,0,0,768,125,95004,1827,1827,7.06702,1,1,input1: 1,4096,MemoryMode,MemCopy,"Query::from(""input1"") .filter(Attribute(""user_id"") > 25) .map(Attribute(""current_ms"") = Attribute(""current_ms"") - 10) .filter(Attribute(""user_id"") > 45) .map(Attribute(""user_id"") = Attribute(""user_id"") * 2) .filter(Attribute(""current_ms"") < 55) .sink(NullOutputSinkDescriptor::create());"
,,,,,,,,,,,97555,,,,,,,,,,
