BenchmarkName,NES_VERSION,SchemaSize,timestamp,processedTasks,processedBuffers,processedTuples,latencySum,queueSizeSum,availGlobalBufferSum,availFixedBufferSum,tuplesPerSecond,tasksPerSecond,bufferPerSecond,mebiBPerSecond,numberOfWorkerOfThreads,numberOfDeployedQueries,numberOfSources,bufferSizeInBytes,inputType,dataProviderMode,queryString
Baseline,0.5.187-SNAPSHOT,156,1691673647,4474,4474,232648,0,0,640,252,233116,4483,4483,34.6814,1,1,"input1: 1, input2: 1",4096,MemoryMode,MemCopy,"Query::from(""input1"").joinWith(Query::from(""input2"").filter(Attribute(""ad_type"") == 0)) .where(Attribute(""campaign_id"")).equalsTo(Attribute(""campaign_id"")) .window(TumblingWindow::of(EventTime(Attribute(""current_ms""))  Milliseconds(1000))) .filter(Attribute(""user_id"") < 5) .project(Attribute(""user_id"")  Attribute(""page_id"")) .filter(Attribute(""page_id"") < 5) .sink(NullOutputSinkDescriptor::create());"
Baseline,0.5.187-SNAPSHOT,156,1691673648,8957,8957,465764,0,0,640,252,232804,4477,4477,34.635,1,1,"input1: 1, input2: 1",4096,MemoryMode,MemCopy,"Query::from(""input1"").joinWith(Query::from(""input2"").filter(Attribute(""ad_type"") == 0)) .where(Attribute(""campaign_id"")).equalsTo(Attribute(""campaign_id"")) .window(TumblingWindow::of(EventTime(Attribute(""current_ms""))  Milliseconds(1000))) .filter(Attribute(""user_id"") < 5) .project(Attribute(""user_id"")  Attribute(""page_id"")) .filter(Attribute(""page_id"") < 5) .sink(NullOutputSinkDescriptor::create());"
Baseline,0.5.187-SNAPSHOT,156,1691673649,13434,13434,698568,0,0,640,252,232752,4476,4476,34.6273,1,1,"input1: 1, input2: 1",4096,MemoryMode,MemCopy,"Query::from(""input1"").joinWith(Query::from(""input2"").filter(Attribute(""ad_type"") == 0)) .where(Attribute(""campaign_id"")).equalsTo(Attribute(""campaign_id"")) .window(TumblingWindow::of(EventTime(Attribute(""current_ms""))  Milliseconds(1000))) .filter(Attribute(""user_id"") < 5) .project(Attribute(""user_id"")  Attribute(""page_id"")) .filter(Attribute(""page_id"") < 5) .sink(NullOutputSinkDescriptor::create());"
Baseline,0.5.187-SNAPSHOT,156,1691673650,17910,17910,931320,0,0,640,252,108686,2096,2096,16.1696,1,1,"input1: 1, input2: 1",4096,MemoryMode,MemCopy,"Query::from(""input1"").joinWith(Query::from(""input2"").filter(Attribute(""ad_type"") == 0)) .where(Attribute(""campaign_id"")).equalsTo(Attribute(""campaign_id"")) .window(TumblingWindow::of(EventTime(Attribute(""current_ms""))  Milliseconds(1000))) .filter(Attribute(""user_id"") < 5) .project(Attribute(""user_id"")  Attribute(""page_id"")) .filter(Attribute(""page_id"") < 5) .sink(NullOutputSinkDescriptor::create());"
Baseline,0.5.187-SNAPSHOT,156,1691673651,20006,20006,1040006,507349890,0,640,252,14,14,14,0.00208282,1,1,"input1: 1, input2: 1",4096,MemoryMode,MemCopy,"Query::from(""input1"").joinWith(Query::from(""input2"").filter(Attribute(""ad_type"") == 0)) .where(Attribute(""campaign_id"")).equalsTo(Attribute(""campaign_id"")) .window(TumblingWindow::of(EventTime(Attribute(""current_ms""))  Milliseconds(1000))) .filter(Attribute(""user_id"") < 5) .project(Attribute(""user_id"")  Attribute(""page_id"")) .filter(Attribute(""page_id"") < 5) .sink(NullOutputSinkDescriptor::create());"
Baseline,0.5.187-SNAPSHOT,156,1691673652,20020,20020,1040020,1689983668,0,640,251,14,14,14,0.00208282,1,1,"input1: 1, input2: 1",4096,MemoryMode,MemCopy,"Query::from(""input1"").joinWith(Query::from(""input2"").filter(Attribute(""ad_type"") == 0)) .where(Attribute(""campaign_id"")).equalsTo(Attribute(""campaign_id"")) .window(TumblingWindow::of(EventTime(Attribute(""current_ms""))  Milliseconds(1000))) .filter(Attribute(""user_id"") < 5) .project(Attribute(""user_id"")  Attribute(""page_id"")) .filter(Attribute(""page_id"") < 5) .sink(NullOutputSinkDescriptor::create());"
Baseline,0.5.187-SNAPSHOT,156,1691673653,20034,20034,1040034,2870964569,1,640,251,12,12,12,0.00178528,1,1,"input1: 1, input2: 1",4096,MemoryMode,MemCopy,"Query::from(""input1"").joinWith(Query::from(""input2"").filter(Attribute(""ad_type"") == 0)) .where(Attribute(""campaign_id"")).equalsTo(Attribute(""campaign_id"")) .window(TumblingWindow::of(EventTime(Attribute(""current_ms""))  Milliseconds(1000))) .filter(Attribute(""user_id"") < 5) .project(Attribute(""user_id"")  Attribute(""page_id"")) .filter(Attribute(""page_id"") < 5) .sink(NullOutputSinkDescriptor::create());"
Baseline,0.5.187-SNAPSHOT,156,1691673654,20046,20046,1040046,3881920983,1,640,251,13,13,13,0.00193405,1,1,"input1: 1, input2: 1",4096,MemoryMode,MemCopy,"Query::from(""input1"").joinWith(Query::from(""input2"").filter(Attribute(""ad_type"") == 0)) .where(Attribute(""campaign_id"")).equalsTo(Attribute(""campaign_id"")) .window(TumblingWindow::of(EventTime(Attribute(""current_ms""))  Milliseconds(1000))) .filter(Attribute(""user_id"") < 5) .project(Attribute(""user_id"")  Attribute(""page_id"")) .filter(Attribute(""page_id"") < 5) .sink(NullOutputSinkDescriptor::create());"
Baseline,0.5.187-SNAPSHOT,156,1691673655,20059,20059,1040059,4975758789,1,639,251,13,13,13,0.00193405,1,1,"input1: 1, input2: 1",4096,MemoryMode,MemCopy,"Query::from(""input1"").joinWith(Query::from(""input2"").filter(Attribute(""ad_type"") == 0)) .where(Attribute(""campaign_id"")).equalsTo(Attribute(""campaign_id"")) .window(TumblingWindow::of(EventTime(Attribute(""current_ms""))  Milliseconds(1000))) .filter(Attribute(""user_id"") < 5) .project(Attribute(""user_id"")  Attribute(""page_id"")) .filter(Attribute(""page_id"") < 5) .sink(NullOutputSinkDescriptor::create());"
Baseline,0.5.187-SNAPSHOT,156,1691673656,20072,20072,1040072,6068179707,2,639,251,14,14,14,0.00208282,1,1,"input1: 1, input2: 1",4096,MemoryMode,MemCopy,"Query::from(""input1"").joinWith(Query::from(""input2"").filter(Attribute(""ad_type"") == 0)) .where(Attribute(""campaign_id"")).equalsTo(Attribute(""campaign_id"")) .window(TumblingWindow::of(EventTime(Attribute(""current_ms""))  Milliseconds(1000))) .filter(Attribute(""user_id"") < 5) .project(Attribute(""user_id"")  Attribute(""page_id"")) .filter(Attribute(""page_id"") < 5) .sink(NullOutputSinkDescriptor::create());"
BenchmarkName,NES_VERSION,SchemaSize,timestamp,processedTasks,processedBuffers,processedTuples,latencySum,queueSizeSum,availGlobalBufferSum,availFixedBufferSum,tuplesPerSecond,tasksPerSecond,bufferPerSecond,mebiBPerSecond,numberOfWorkerOfThreads,numberOfDeployedQueries,numberOfSources,bufferSizeInBytes,inputType,dataProviderMode,queryString
FilterPushDown,0.5.187-SNAPSHOT,156,1691673776,3682,3682,191464,0,0,640,252,203320,3910,3910,30.2486,1,1,"input1: 1, input2: 1",4096,MemoryMode,MemCopy,"Query::from(""input1"").joinWith(Query::from(""input2"").filter(Attribute(""ad_type"") == 0)) .where(Attribute(""campaign_id"")).equalsTo(Attribute(""campaign_id"")) .window(TumblingWindow::of(EventTime(Attribute(""current_ms""))  Milliseconds(1000))) .filter(Attribute(""user_id"") < 5) .project(Attribute(""user_id"")  Attribute(""page_id"")) .filter(Attribute(""page_id"") < 5) .sink(NullOutputSinkDescriptor::create());"
FilterPushDown,0.5.187-SNAPSHOT,156,1691673777,7592,7592,394784,0,0,640,252,204360,3930,3930,30.4033,1,1,"input1: 1, input2: 1",4096,MemoryMode,MemCopy,"Query::from(""input1"").joinWith(Query::from(""input2"").filter(Attribute(""ad_type"") == 0)) .where(Attribute(""campaign_id"")).equalsTo(Attribute(""campaign_id"")) .window(TumblingWindow::of(EventTime(Attribute(""current_ms""))  Milliseconds(1000))) .filter(Attribute(""user_id"") < 5) .project(Attribute(""user_id"")  Attribute(""page_id"")) .filter(Attribute(""page_id"") < 5) .sink(NullOutputSinkDescriptor::create());"
FilterPushDown,0.5.187-SNAPSHOT,156,1691673778,11522,11522,599144,0,0,640,252,204360,3930,3930,30.4033,1,1,"input1: 1, input2: 1",4096,MemoryMode,MemCopy,"Query::from(""input1"").joinWith(Query::from(""input2"").filter(Attribute(""ad_type"") == 0)) .where(Attribute(""campaign_id"")).equalsTo(Attribute(""campaign_id"")) .window(TumblingWindow::of(EventTime(Attribute(""current_ms""))  Milliseconds(1000))) .filter(Attribute(""user_id"") < 5) .project(Attribute(""user_id"")  Attribute(""page_id"")) .filter(Attribute(""page_id"") < 5) .sink(NullOutputSinkDescriptor::create());"
FilterPushDown,0.5.187-SNAPSHOT,156,1691673779,15452,15452,803504,0,0,640,252,209664,4032,4032,31.1924,1,1,"input1: 1, input2: 1",4096,MemoryMode,MemCopy,"Query::from(""input1"").joinWith(Query::from(""input2"").filter(Attribute(""ad_type"") == 0)) .where(Attribute(""campaign_id"")).equalsTo(Attribute(""campaign_id"")) .window(TumblingWindow::of(EventTime(Attribute(""current_ms""))  Milliseconds(1000))) .filter(Attribute(""user_id"") < 5) .project(Attribute(""user_id"")  Attribute(""page_id"")) .filter(Attribute(""page_id"") < 5) .sink(NullOutputSinkDescriptor::create());"
FilterPushDown,0.5.187-SNAPSHOT,156,1691673780,19484,19484,1013168,0,0,640,252,26841,525,525,3.99322,1,1,"input1: 1, input2: 1",4096,MemoryMode,MemCopy,"Query::from(""input1"").joinWith(Query::from(""input2"").filter(Attribute(""ad_type"") == 0)) .where(Attribute(""campaign_id"")).equalsTo(Attribute(""campaign_id"")) .window(TumblingWindow::of(EventTime(Attribute(""current_ms""))  Milliseconds(1000))) .filter(Attribute(""user_id"") < 5) .project(Attribute(""user_id"")  Attribute(""page_id"")) .filter(Attribute(""page_id"") < 5) .sink(NullOutputSinkDescriptor::create());"
FilterPushDown,0.5.187-SNAPSHOT,156,1691673781,20009,20009,1040009,760910791,0,642,250,12,12,12,0.00178528,1,1,"input1: 1, input2: 1",4096,MemoryMode,MemCopy,"Query::from(""input1"").joinWith(Query::from(""input2"").filter(Attribute(""ad_type"") == 0)) .where(Attribute(""campaign_id"")).equalsTo(Attribute(""campaign_id"")) .window(TumblingWindow::of(EventTime(Attribute(""current_ms""))  Milliseconds(1000))) .filter(Attribute(""user_id"") < 5) .project(Attribute(""user_id"")  Attribute(""page_id"")) .filter(Attribute(""page_id"") < 5) .sink(NullOutputSinkDescriptor::create());"
FilterPushDown,0.5.187-SNAPSHOT,156,1691673782,20021,20021,1040021,1774394356,0,642,250,12,12,12,0.00178528,1,1,"input1: 1, input2: 1",4096,MemoryMode,MemCopy,"Query::from(""input1"").joinWith(Query::from(""input2"").filter(Attribute(""ad_type"") == 0)) .where(Attribute(""campaign_id"")).equalsTo(Attribute(""campaign_id"")) .window(TumblingWindow::of(EventTime(Attribute(""current_ms""))  Milliseconds(1000))) .filter(Attribute(""user_id"") < 5) .project(Attribute(""user_id"")  Attribute(""page_id"")) .filter(Attribute(""page_id"") < 5) .sink(NullOutputSinkDescriptor::create());"
FilterPushDown,0.5.187-SNAPSHOT,156,1691673783,20033,20033,1040033,2786663745,1,641,250,12,12,12,0.00178528,1,1,"input1: 1, input2: 1",4096,MemoryMode,MemCopy,"Query::from(""input1"").joinWith(Query::from(""input2"").filter(Attribute(""ad_type"") == 0)) .where(Attribute(""campaign_id"")).equalsTo(Attribute(""campaign_id"")) .window(TumblingWindow::of(EventTime(Attribute(""current_ms""))  Milliseconds(1000))) .filter(Attribute(""user_id"") < 5) .project(Attribute(""user_id"")  Attribute(""page_id"")) .filter(Attribute(""page_id"") < 5) .sink(NullOutputSinkDescriptor::create());"
FilterPushDown,0.5.187-SNAPSHOT,156,1691673784,20045,20045,1040045,3797721138,1,641,249,12,12,12,0.00178528,1,1,"input1: 1, input2: 1",4096,MemoryMode,MemCopy,"Query::from(""input1"").joinWith(Query::from(""input2"").filter(Attribute(""ad_type"") == 0)) .where(Attribute(""campaign_id"")).equalsTo(Attribute(""campaign_id"")) .window(TumblingWindow::of(EventTime(Attribute(""current_ms""))  Milliseconds(1000))) .filter(Attribute(""user_id"") < 5) .project(Attribute(""user_id"")  Attribute(""page_id"")) .filter(Attribute(""page_id"") < 5) .sink(NullOutputSinkDescriptor::create());"
FilterPushDown,0.5.187-SNAPSHOT,156,1691673785,20057,20057,1040057,4807568710,1,641,249,12,12,12,0.00178528,1,1,"input1: 1, input2: 1",4096,MemoryMode,MemCopy,"Query::from(""input1"").joinWith(Query::from(""input2"").filter(Attribute(""ad_type"") == 0)) .where(Attribute(""campaign_id"")).equalsTo(Attribute(""campaign_id"")) .window(TumblingWindow::of(EventTime(Attribute(""current_ms""))  Milliseconds(1000))) .filter(Attribute(""user_id"") < 5) .project(Attribute(""user_id"")  Attribute(""page_id"")) .filter(Attribute(""page_id"") < 5) .sink(NullOutputSinkDescriptor::create());"
